image: creation_core_f4.pgm
resolution: 0.025000
#origin: [-28.1,-37.7, 0.000000]
origin: [-50.0,-50.0, 0.000000]
negate: 0
occupied_thresh: 0.65
free_thresh: 0.196

